2 100 66.525
1 100 104.791
0 100 41.773
2 600 2789.270080321285
1 600 4763.218875502008
0 600 1674.614228456914
2 800 5378.278952668681
1 800 8623.190716448033
0 800 2522.0791583166333
2 1000 7466.485887096775
1 1000 11754.506048387097
0 1000 3692.8212851405624
2 200 283.124
1 200 405.9869739478958
0 200 142.827
2 900 6457.909547738694
1 900 10861.529292929294
0 900 3927.7572718154465
2 300 613.569
1 300 963.4564564564564
0 300 331.57557557557556
2 700 3650.4654654654655
1 700 6520.389336016096
0 700 1894.292
2 500 1787.6098294884655
1 500 2729.4014084507044
0 500 917.4824824824825
2 400 1250.1361361361362
1 400 1756.057
0 400 615.894
