2 100 23.822
1 100 21.643
0 100 5.117
2 600 701.569
1 600 915.4068136272546
0 600 114.83983983983984
2 800 1461.679
1 800 1311.0250250250251
0 800 197.885
2 1000 1853.1192384769538
1 1000 2004.433734939759
0 1000 312.3613613613614
2 200 93.179
1 200 84.858
0 200 13.811
2 900 1990.785140562249
1 900 1664.6700100300902
0 900 245.2802802802803
2 300 170.77677677677679
1 300 202.159
0 300 32.249
2 700 1124.6366366366367
1 700 1237.2602602602603
0 700 165.394
2 500 607.5015015015015
1 500 613.6206206206206
0 500 97.426
2 400 343.906
1 400 396.35735735735733
0 400 53.155
