2 100 27.688
1 100 28.712
0 100 18.766
2 600 230.405
1 600 220.567
0 600 137.778
2 800 301.462
1 800 299.079
0 800 189.716
2 1000 389.1781781781782
1 1000 402.104
0 1000 244.61461461461462
2 200 63.711
1 200 63.579
0 200 40.641
2 900 357.17617617617617
1 900 358.54354354354354
0 900 218.547
2 300 101.308
1 300 103.17517517517517
0 300 63.405
2 700 264.087
1 700 259.2722722722723
0 700 168.568
2 500 169.62
1 500 170.52552552552552
0 500 110.06306306306307
2 400 138.263
1 400 137.53153153153153
0 400 85.515
