2 100 23.651
1 100 30.654
0 100 9.732
2 600 651.5005005005005
1 600 1301.439
0 600 223.964
2 800 1147.7344689378758
1 800 1667.899699097292
0 800 306.001
2 1000 1740.5506519558676
1 1000 2592.319639278557
0 1000 568.905
2 200 80.814
1 200 123.884
0 200 30.115
2 900 1426.4224224224224
1 900 2093.5255255255256
0 900 377.826
2 300 169.86186186186185
1 300 332.913
0 300 55.457
2 700 874.1362725450902
1 700 1282.7201604814443
0 700 240.02
2 500 452.5805805805806
1 500 915.7695390781563
0 500 134.209
2 400 298.0860860860861
1 400 587.1973947895791
0 400 89.943
